query, time
1, 2906.19
2, 1158.11
3, 808.76
4, 311.094
5, 413.435
6, 1507.39
7, 267.288
8, 543.886
9, 874.16
10, 789.047
11, 943.868
12, 444.346
13, 271.337
14, 127.489
15, 211.657
16, 62.4215
17, 457.59
18, 211.387
19, 84.6805
20, 256.578
21, 857.282
22, 150.489
23, 309.246
24, 949.296
25, 361.296
26, 101.219
27, 19.8557
28, 64.4109
29, 318.28
30, 113.877
31, 237.767
32, 156.382
33, 487.347
34, 858.494
35, 292.11
36, 213.276
37, 72.3245
38, 265.516
39, 118.017
40, 291.63
41, 288.333
42, 195.51
43, 535.566
44, 271.257
45, 37.152
46, 52.7111
47, 42.9581
48, 53.5857
49, 929.583
50, 116.52
51, 212.193
52, 493.837
53, 248.219
54, 178.881
55, 31.966
56, 485.687
57, 396.717
58, 1109.77
59, 23.2779
60, 235.543
61, 151.69
62, 34.0181
63, 58.4914
64, 389.115
65, 523.242
66, 19.925
67, 165.96
68, 350.842
69, 142.036
70, 664.175
71, 43.9855
72, 125.589
73, 1049.33
74, 537.676
75, 50.9532
76, 147.087
77, 208.578
78, 149.527
79, 514.089
80, 805.914
81, 10.8524
82, 200.167
83, 181.341
84, 329.92
85, 109.669
86, 345.772
87, 89.284
88, 99.1186
89, 966.518
90, 49.5799
91, 23.9707
92, 288.029
93, 97.1672
94, 554.744
95, 290.738
96, 341.845
97, 402.312
98, 353.999
99, 442.541
100, 68.5679
101, 562.788
102, 355.704
103, 661.643
104, 179.111
105, 67.4031
106, 242.07
107, 479.496
108, 218.381
109, 489.106
110, 275.809
111, 62.1836
112, 34.2117
113, 115.341
114, 548.433
115, 387.526
116, 17.8449
117, 449.662
118, 124.64
119, 114.975
120, 98.7662
121, 1045.69
122, 52.895
123, 276.927
124, 309.813
125, 104.011
126, 62.0164
127, 779.063
128, 293.808
129, 207.989
130, 290.745
131, 123.838
132, 60.0897
133, 469.988
134, 162.086
135, 268.779
136, 211.796
137, 125.498
138, 112.098
139, 68.0443
140, 50.3014
141, 81.3132
142, 298.392
143, 19.8832
144, 109.058
145, 240.623
146, 818.088
147, 66.613
148, 429.695
149, 85.342
150, 138.066
151, 159.876
152, 52.6458
153, 421.64
154, 80.2023
155, 53.7477
156, 452.981
157, 140.473
158, 279.825
159, 1109.16
160, 224.234
161, 50.0799
162, 90.9958
163, 183.505
164, 545.275
165, 57.2592
166, 481.094
167, 199.934
168, 141.785
169, 43.9706
170, 36.3692
171, 236.676
172, 26.3093
173, 13.7437
174, 2.78055
175, 220.891
176, 404.261
177, 398.657
178, 69.075
179, 45.4701
180, 54.4737
181, 974.304
182, 134.571
183, 283.747
184, 168.05
185, 246.288
186, 238.364
187, 94.7181
188, 242.605
189, 162.186
190, 30.7333
191, 31.8805
192, 171.417
193, 170.948
194, 484.793
195, 596.776
196, 122.246
197, 128.516
198, 324.042
199, 170.638
200, 201.164
201, 26.2193
202, 419.927
203, 234.236
204, 217.392
205, 166.422
206, 38.1058
207, 119.69
208, 188.982
209, 192.532
210, 68.4786
211, 282.972
212, 350.623
213, 13.8736
214, 123.747
215, 307.802
216, 130.425
217, 299.094
218, 9.76236
219, 7.65482
220, 116.473
221, 292.305
222, 68.8073
223, 197.061
224, 112.35
225, 69.9628
226, 1156.74
227, 213.76
228, 39.609
229, 533.008
230, 28.2727
231, 705.669
232, 337.289
233, 242.152
234, 398.537
235, 63.7795
236, 174.426
237, 100.558
238, 8.54469
239, 93.7318
240, 383.551
241, 136.334
242, 59.4169
243, 365.349
244, 99.4152
245, 112.83
246, 95.2535
247, 84.5589
248, 66.1305
249, 80.461
250, 88.5775
251, 43.4211
252, 326.438
253, 268.413
254, 17.7573
255, 106.373
256, 578.317
257, 144.336
258, 250.198
259, 277.684
260, 40.7704
261, 103.624
262, 161.432
263, 98.4633
264, 313.585
265, 83.2988
266, 236.488
267, 146.794
268, 276.661
269, 206.909
270, 116.833
271, 441.757
272, 114.237
273, 363.98
274, 224.35
275, 148.535
276, 354.057
277, 693.511
278, 2006.61
279, 509.929
280, 63.0368
281, 71.5676
282, 476.2
283, 192.456
284, 669.411
285, 112.893
286, 124.566
287, 212.759
288, 79.6967
289, 161.185
290, 202.639
291, 441.896
292, 135.005
293, 148.269
294, 320.723
295, 93.5118
296, 153.474
297, 206.256
298, 11.1685
299, 78.5063
300, 862.333
301, 83.6656
302, 98.3239
303, 84.5311
304, 100.65
305, 168.109
306, 6.8653
307, 126.017
308, 120.53
309, 293.293
310, 50.5422
311, 131.759
312, 57.6012
313, 251.527
314, 309.193
315, 252.307
316, 34.6696
317, 112.499
318, 152.881
319, 358.268
320, 158.832
321, 91.0155
322, 14.4779
323, 72.7971
324, 106.168
325, 183.601
326, 385.721
327, 421.507
328, 272.831
329, 345.807
330, 415.177
331, 584.718
332, 464.9
333, 423.899
334, 10.6122
335, 502.255
336, 344.634
337, 387.778
338, 35.3134
339, 333.369
340, 904.117
341, 155.767
342, 40.1226
343, 701.434
344, 39.7928
345, 305.228
346, 287.669
347, 372.81
348, 54.8836
349, 34.4918
350, 203.651
351, 152.298
352, 150.317
353, 126.054
354, 476.829
355, 167.264
356, 142.376
357, 246.981
358, 114.277
359, 93.1555
360, 109.859
361, 339.674
362, 253.847
363, 89.3884
364, 89.2736
365, 10.2334
366, 368.728
367, 71.8907
368, 86.6657
369, 25.9374
370, 8.84524
371, 100.858
372, 156.482
373, 149.203
374, 406.44
375, 165.95
376, 32.6634
377, 163.903
378, 101.139
379, 38.9228
380, 403.899
381, 413.126
382, 147.836
383, 125.956
384, 327.049
385, 168.293
386, 251.629
387, 119.276
388, 255.98
389, 87.2355
390, 288.861
391, 185.689
392, 228.653
393, 126.58
394, 82.1528
395, 14.645
396, 103.33
397, 149.689
398, 163.193
399, 63.6928
400, 93.3694
401, 292.386
402, 323.222
403, 157.614
404, 220.122
405, 501.341
406, 504.939
407, 240.205
408, 58.0987
409, 29.9733
410, 343.131
411, 481.881
412, 772.617
413, 571.368
414, 1261.55
415, 578.391
416, 17.3553
417, 15.0312
418, 678.191
419, 263.873
420, 718.125
421, 321.034
422, 248.565
423, 45.2987
424, 643.18
425, 121.02
426, 76.9614
427, 87.2124
428, 283.641
429, 83.0409
430, 54.2817
431, 293.121
432, 346.486
433, 163.575
434, 39.5695
435, 159.59
436, 85.4105
437, 546.646
438, 51.3256
439, 49.9762
440, 159.847
441, 168.916
442, 63.6272
443, 170.666
444, 35.9739
445, 144.972
446, 186.306
447, 210.919
448, 29.1354
449, 92.58
450, 227.333
451, 116.745
452, 156.403
453, 151.96
454, 83.456
455, 103.491
456, 7.41161
457, 33.267
458, 401.355
459, 316.426
460, 302
461, 294.547
462, 215.169
463, 12.1182
464, 202.421
465, 369.898
466, 661.397
467, 395.55
468, 263.416
469, 104.1
470, 133.856
471, 242.963
472, 38.1743
473, 61.6389
474, 283.08
475, 621.296
476, 88.035
477, 223.898
478, 253.249
479, 64.0043
480, 132.447
481, 104.597
482, 42.5885
483, 179.298
484, 89.9264
485, 77.8214
486, 581.563
487, 30.062
488, 290.861
489, 46.3074
490, 241.65
491, 79.1294
492, 330.391
493, 249.449
494, 187.366
495, 501.619
496, 144.016
497, 598.055
498, 246.027
499, 152.276
500, 29.4662
501, 200.949
502, 204.723
503, 317.809
504, 73.3977
505, 59.9778
506, 48.9234
507, 138.477
508, 89.7518
509, 192.815
510, 63.6092
511, 47.1867
512, 249.151
513, 302.494
514, 343.275
515, 33.5732
516, 260.653
517, 68.6957
518, 190.13
519, 152.392
520, 572.356
521, 605.67
522, 351.466
523, 64.1485
524, 246.079
525, 74.4395
526, 820.779
527, 563.711
528, 497.919
529, 161.599
530, 20.011
531, 24.2047
532, 366.36
533, 438.81
534, 114.194
535, 44.4363
536, 57.8368
537, 45.0591
538, 301.53
539, 305.217
540, 335.659
541, 24.0993
542, 313.105
543, 234.772
544, 593.628
545, 187.02
546, 84.5573
547, 667.864
548, 27.8997
549, 84.0274
550, 207.094
551, 388.606
552, 81.3947
553, 150.165
554, 290.086
555, 102.016
556, 118.57
557, 36.9352
558, 487.795
559, 122.102
560, 348.693
561, 25.2181
562, 234.131
563, 264.351
564, 359.592
565, 128.768
566, 125.357
567, 96.2229
568, 250.073
569, 33.4949
570, 201.869
571, 100.434
572, 64.9033
573, 40.6788
574, 1041.74
575, 42.2434
576, 170.033
577, 202.938
578, 343.134
579, 49.4744
580, 544.617
581, 169.864
582, 122.405
583, 177.513
584, 25.7851
585, 1110.84
586, 74.6469
587, 122.254
588, 44.4453
589, 31.1616
590, 221.577
591, 177.137
592, 113.664
593, 168.525
594, 485.659
595, 103.655
596, 75.7401
597, 136.458
598, 72.6356
599, 39.0662
600, 90.2269
601, 402.23
602, 98.4494
603, 67.4585
604, 422.393
605, 434.002
606, 233.459
607, 93.4629
608, 125.187
609, 54.6249
610, 26.2129
611, 98.2974
612, 385.595
613, 69.0452
614, 386.516
615, 109.846
616, 134.659
617, 95.9253
618, 716.141
619, 750.009
620, 611.391
621, 143.231
622, 10.9008
623, 40.0527
624, 23.4692
625, 70.3611
626, 22.9388
627, 196.231
628, 1596.47
629, 119.383
630, 38.9059
631, 117.073
632, 1247.36
633, 32.3027
634, 89.5072
635, 157.427
636, 382.262
637, 239.762
638, 108.913
639, 139.184
640, 390.433
641, 812.338
642, 268.065
643, 276.414
644, 205.099
645, 239.116
646, 78.1965
647, 95.9342
648, 123.984
649, 120.078
650, 378.973
651, 56.1419
652, 142.064
653, 88.0625
654, 114.444
655, 277.672
656, 176.288
657, 324.86
658, 204.87
659, 61.0061
660, 971.745
661, 426.021
662, 275.291
663, 69.8519
664, 31.2702
665, 634.634
666, 414.008
667, 49.3609
668, 60.4974
669, 434.995
670, 514.843
671, 401.448
672, 329.362
673, 89.7189
674, 64.1481
675, 191.171
676, 146.167
677, 7.70312
678, 7.94915
679, 17.5507
680, 76.4599
681, 561.353
682, 257.701
683, 89.1324
684, 4.80517
685, 164.88
686, 262.212
687, 113.611
688, 76.8415
689, 91.0823
690, 468.26
691, 142.377
692, 434.69
693, 512.851
694, 203.006
695, 102.643
696, 104.556
697, 3.49893
698, 23.6195
699, 53.3066
700, 194.657
701, 98.0533
702, 213.946
703, 749.104
704, 877.125
705, 142.261
706, 119.032
707, 578.238
708, 88.0134
709, 111.622
710, 433.628
711, 83.7855
712, 320.995
713, 39.8172
714, 103.649
715, 19.4806
716, 163.697
717, 114.459
718, 40.655
719, 65.3241
720, 57.0157
721, 38.9533
722, 228.074
723, 183.831
724, 162.124
725, 178.844
726, 234.924
727, 99.6752
728, 363.941
729, 133.809
730, 160.094
731, 76.6617
732, 210.824
733, 285.693
734, 178.846
735, 166.45
736, 113.025
737, 488.784
738, 68.0978
739, 166.694
740, 63.6589
741, 190.565
742, 569.318
743, 55.9499
744, 148.784
745, 158.299
746, 137.417
747, 117.825
748, 242.749
749, 26.2596
750, 171.959
751, 356.116
752, 26.5832
753, 126.051
754, 202.893
755, 364.915
756, 177.202
757, 536.006
758, 45.2736
759, 162.014
760, 471.501
761, 67.4764
762, 220.28
763, 197.414
764, 72.3386
765, 93.0967
766, 514.34
767, 118.443
768, 179.354
769, 643.219
770, 117.833
771, 137.438
772, 62.1984
773, 70.0822
774, 87.2065
775, 89.6919
776, 44.8641
777, 55.3753
778, 287.033
779, 550.726
780, 419.442
781, 139.255
782, 470.505
783, 131.34
784, 127.616
785, 252.187
786, 493.914
787, 565.817
788, 108.844
789, 22.1955
790, 18.3884
791, 145.239
792, 275.98
793, 56.7909
794, 135.252
795, 173.03
796, 13.2469
797, 241.282
798, 53.805
799, 427.576
800, 76.1722
801, 54.0608
802, 19.9906
803, 429.925
804, 482.688
805, 40.7
806, 59.33
807, 145.746
808, 163.314
809, 153.198
810, 621.639
811, 162.609
812, 167.306
813, 125.156
814, 886.455
815, 51.052
816, 217.201
817, 127.214
818, 283.757
819, 434.21
820, 225.757
821, 532.935
822, 431.873
823, 304.721
824, 1118.49
825, 256.547
826, 32.2191
827, 642.793
828, 16.2256
829, 304.256
830, 10.2987
831, 284.162
832, 93.6775
833, 91.5483
834, 141.871
835, 72.8847
836, 185.269
837, 607.286
838, 99.3088
839, 109.745
840, 50.336
841, 216.061
842, 162.279
843, 301.18
844, 76.3459
845, 586.869
846, 169.606
847, 89.624
848, 37.2979
849, 325.882
850, 133.119
851, 92.4751
852, 131.847
853, 306.249
854, 107.164
855, 289.484
856, 372.701
857, 66.4969
858, 557.59
859, 116.917
860, 1041.39
861, 95.1037
862, 517.016
863, 642.731
864, 42.4334
865, 272.491
866, 26.6044
867, 10.0697
868, 204.991
869, 1171.75
870, 178.683
871, 61.9231
872, 225.039
873, 237.483
874, 69.1728
875, 85.2253
876, 281.867
877, 40.2608
878, 4.60976
879, 122.508
880, 46.8357
881, 429.001
882, 84.8774
883, 104.32
884, 257.871
885, 42.4113
886, 6.77035
887, 137.956
888, 297.014
889, 154.331
890, 92.0655
891, 137.01
892, 230.907
893, 146.037
894, 85.9771
895, 92.8747
896, 341.799
897, 76.7143
898, 151.441
899, 99.3182
900, 795.932
901, 132.891
902, 541.81
903, 101.074
904, 268.104
905, 157.229
906, 46.6001
907, 315.6
908, 227.427
909, 160.402
910, 269.798
911, 252.064
912, 379.083
913, 300.049
914, 625.58
915, 292.935
916, 475.123
917, 118.266
918, 302.33
919, 382.075
920, 206.377
921, 531.959
922, 817.992
923, 114.03
924, 14.1753
925, 381.602
926, 152.978
927, 828.03
928, 212.629
929, 231.027
930, 371.575
931, 125.388
932, 263.537
933, 48.152
934, 1055.47
935, 314.573
936, 112.629
937, 203.935
938, 161.652
939, 148.238
940, 196.308
941, 383.696
942, 203.415
943, 594.673
944, 267.781
945, 266.052
946, 537.779
947, 139.161
948, 445.514
949, 1339.12
950, 216.889
951, 536.397
952, 51.5792
953, 389.561
954, 332.896
955, 41.4495
956, 186.791
957, 209.498
958, 324.786
959, 492.431
960, 135.727
961, 390.541
962, 286.346
963, 503.783
964, 160.747
965, 238.064
966, 113.847
967, 156.359
968, 269.734
969, 84.6846
970, 643.577
971, 409.371
972, 335.962
973, 214.013
974, 71.1899
975, 50.1992
976, 55.5908
977, 195.381
978, 583.064
979, 50.5549
980, 66.8654
981, 426.326
982, 123.975
983, 32.3347
984, 159.069
985, 34.4684
986, 244
987, 290.885
988, 99.9471
989, 31.7049
990, 292.575
991, 162.275
992, 154.916
993, 98.6256
994, 327.047
995, 649.572
996, 68.9078
997, 80.6863
998, 79.8446
999, 9.87555
